Date_ymd,Time_Absolute_hms,Time_Relative_hms,Time_Relative_s,Time_Lag_s,Duration_s,Observation_Name,Log_File_Name,Actor,Behavior,Receiver,Modifier_1,Modifier_2,Modifier_3,Modifier_4,Modifier_5,Modifier_6,Other_Modifiers,Event_Type,Observer_ID,Notes,Coding_Scheme
9/29/2021,12:07:11,0:00:00,0,2.998,54.03,AdLib,LogAdLibitum 20210929_120711.csv,Female,AN,Female,Brooding,,,,,,,State start,7916,,Provisioning
9/29/2021,12:07:15,0:00:03,3.975,0.864,55.095,AdLib,LogAdLibitum 20210929_120711.csv,Male,GFN,Male,,,,,,,,State start,7916,,Provisioning
9/29/2021,12:07:16,0:00:05,5.324,0.782,3543.09,AdLib,LogAdLibitum 20210929_120711.csv,Unknown,GFN,Unknown,,,,,,,,State start,7916,,Provisioning
9/29/2021,12:08:05,0:00:54,54.031,0,0,AdLib,LogAdLibitum 20210929_120711.csv,Female,AN,Female,Brooding,,,,,,,State stop,7916,,Provisioning
9/29/2021,12:08:05,0:00:54,54.031,4.015,199.087,AdLib,LogAdLibitum 20210929_120711.csv,Female,GFN,Female,,,,,,,,State start,7916,,Provisioning
9/29/2021,12:08:10,0:00:59,59.07,0,0,AdLib,LogAdLibitum 20210929_120711.csv,Male,GFN,Male,,,,,,,,State stop,7916,,Provisioning
9/29/2021,12:08:10,0:00:59,59.07,1.434,7.484,AdLib,LogAdLibitum 20210929_120711.csv,Male,AN,Male,Feeding,,,,,,,State start,7916,,Provisioning
9/29/2021,12:08:17,0:01:06,66.554,0,0,AdLib,LogAdLibitum 20210929_120711.csv,Male,AN,Male,Feeding,,,,,,,State stop,7916,,Provisioning
9/29/2021,12:08:17,0:01:06,66.554,1.407,11.958,AdLib,LogAdLibitum 20210929_120711.csv,Male,AN,Male,Perching,,,,,,,State start,7916,,Provisioning
9/29/2021,12:08:29,0:01:18,78.512,0,0,AdLib,LogAdLibitum 20210929_120711.csv,Male,AN,Male,Perching,,,,,,,State stop,7916,,Provisioning
9/29/2021,12:08:29,0:01:18,78.512,5.698,21.04,AdLib,LogAdLibitum 20210929_120711.csv,Male,AN,Male,Feeding,,,,,,,State start,7916,,Provisioning
9/29/2021,12:08:50,0:01:39,99.552,0,0,AdLib,LogAdLibitum 20210929_120711.csv,Male,AN,Male,Feeding,,,,,,,State stop,7916,,Provisioning
9/29/2021,12:08:50,0:01:39,99.552,2.123,151.708,AdLib,LogAdLibitum 20210929_120711.csv,Male,AN,Male,Brooding,,,,,,,State start,7916,,Provisioning
9/29/2021,12:11:22,0:04:11,251.26,0,0,AdLib,LogAdLibitum 20210929_120711.csv,Male,AN,Male,Brooding,,,,,,,State stop,7916,,Provisioning
9/29/2021,12:11:22,0:04:11,251.26,0.915,310.607,AdLib,LogAdLibitum 20210929_120711.csv,Male,GFN,Male,,,,,,,,State start,7916,,Provisioning
9/29/2021,12:11:24,0:04:13,253.118,0,0,AdLib,LogAdLibitum 20210929_120711.csv,Female,GFN,Female,,,,,,,,State stop,7916,,Provisioning
9/29/2021,12:11:24,0:04:13,253.118,1.125,7.034,AdLib,LogAdLibitum 20210929_120711.csv,Female,AN,Female,Feeding,,,,,,,State start,7916,,Provisioning
9/29/2021,12:11:31,0:04:20,260.152,0,0,AdLib,LogAdLibitum 20210929_120711.csv,Female,AN,Female,Feeding,,,,,,,State stop,7916,,Provisioning
9/29/2021,12:11:31,0:04:20,260.152,1.315,15.548,AdLib,LogAdLibitum 20210929_120711.csv,Female,AN,Female,Sanitizing,,,,,,,State start,7916,,Provisioning
9/29/2021,12:11:46,0:04:35,275.7,0,0,AdLib,LogAdLibitum 20210929_120711.csv,Female,AN,Female,Sanitizing,,,,,,,State stop,7916,,Provisioning
9/29/2021,12:11:46,0:04:35,275.7,7.674,183.456,AdLib,LogAdLibitum 20210929_120711.csv,Female,AN,Female,Brooding,,,,,,,State start,7916,,Provisioning
9/29/2021,12:14:50,0:07:39,459.157,0,0,AdLib,LogAdLibitum 20210929_120711.csv,Female,AN,Female,Brooding,,,,,,,State stop,7916,,Provisioning
9/29/2021,12:14:50,0:07:39,459.157,2.039,19.94,AdLib,LogAdLibitum 20210929_120711.csv,Female,AN,Female,Sanitizing,,,,,,,State start,7916,,Provisioning
9/29/2021,12:15:10,0:07:59,479.097,0,0,AdLib,LogAdLibitum 20210929_120711.csv,Female,AN,Female,Sanitizing,,,,,,,State stop,7916,,Provisioning
9/29/2021,12:15:10,0:07:59,479.097,1.774,80.695,AdLib,LogAdLibitum 20210929_120711.csv,Female,AN,Female,Brooding,,,,,,,State start,7916,,Provisioning
9/29/2021,12:16:30,0:09:19,559.792,0,0,AdLib,LogAdLibitum 20210929_120711.csv,Female,AN,Female,Brooding,,,,,,,State stop,7916,,Provisioning
9/29/2021,12:16:30,0:09:19,559.792,1.198,251.394,AdLib,LogAdLibitum 20210929_120711.csv,Female,GFN,Female,,,,,,,,State start,7916,,Provisioning
9/29/2021,12:16:33,0:09:21,561.867,0,0,AdLib,LogAdLibitum 20210929_120711.csv,Male,GFN,Male,,,,,,,,State stop,7916,,Provisioning
9/29/2021,12:16:33,0:09:21,561.867,1.866,9.782,AdLib,LogAdLibitum 20210929_120711.csv,Male,AN,Male,Feeding,,,,,,,State start,7916,,Provisioning
9/29/2021,12:16:42,0:09:31,571.649,0,0,AdLib,LogAdLibitum 20210929_120711.csv,Male,AN,Male,Feeding,,,,,,,State stop,7916,,Provisioning
9/29/2021,12:16:42,0:09:31,571.649,1.741,36.141,AdLib,LogAdLibitum 20210929_120711.csv,Male,AN,Male,Perching,,,,,,,State start,7916,,Provisioning
9/29/2021,12:17:18,0:10:07,607.79,0,0,AdLib,LogAdLibitum 20210929_120711.csv,Male,AN,Male,Perching,,,,,,,State stop,7916,,Provisioning
9/29/2021,12:17:18,0:10:07,607.79,2.324,143.725,AdLib,LogAdLibitum 20210929_120711.csv,Male,AN,Male,Brooding,,,,,,,State start,7916,,Provisioning
9/29/2021,12:19:42,0:12:31,751.515,0,0,AdLib,LogAdLibitum 20210929_120711.csv,Male,AN,Male,Brooding,,,,,,,State stop,7916,,Provisioning
9/29/2021,12:19:42,0:12:31,751.515,2.29,33.998,AdLib,LogAdLibitum 20210929_120711.csv,Male,AN,Male,Perching,,,,,,,State start,7916,,Provisioning
9/29/2021,12:20:16,0:13:05,785.513,0,0,AdLib,LogAdLibitum 20210929_120711.csv,Male,AN,Male,Perching,,,,,,,State stop,7916,,Provisioning
9/29/2021,12:20:16,0:13:05,785.513,2.44,21.265,AdLib,LogAdLibitum 20210929_120711.csv,Male,AN,Male,Brooding,,,,,,,State start,7916,,Provisioning
9/29/2021,12:20:37,0:13:26,806.778,0,0,AdLib,LogAdLibitum 20210929_120711.csv,Male,AN,Male,Brooding,,,,,,,State stop,7916,,Provisioning
9/29/2021,12:20:37,0:13:26,806.778,0.765,951.388,AdLib,LogAdLibitum 20210929_120711.csv,Male,GFN,Male,,,,,,,,State start,7916,,Provisioning
9/29/2021,12:20:42,0:13:31,811.186,0,0,AdLib,LogAdLibitum 20210929_120711.csv,Female,GFN,Female,,,,,,,,State stop,7916,,Provisioning
9/29/2021,12:20:42,0:13:31,811.186,2.049,18.758,AdLib,LogAdLibitum 20210929_120711.csv,Female,AN,Female,Feeding,,,,,,,State start,7916,,Provisioning
9/29/2021,12:21:01,0:13:49,829.944,0,0,AdLib,LogAdLibitum 20210929_120711.csv,Female,AN,Female,Feeding,,,,,,,State stop,7916,,Provisioning
9/29/2021,12:21:01,0:13:49,829.944,2.365,16.464,AdLib,LogAdLibitum 20210929_120711.csv,Female,GFN,Female,,,,,,,,State start,7916,,Provisioning
9/29/2021,12:21:17,0:14:06,846.409,0,0,AdLib,LogAdLibitum 20210929_120711.csv,Female,GFN,Female,,,,,,,,State stop,7916,,Provisioning
9/29/2021,12:21:17,0:14:06,846.409,4.016,10.309,AdLib,LogAdLibitum 20210929_120711.csv,Female,AN,Female,Sanitizing,,,,,,,State start,7916,,Provisioning
9/29/2021,12:21:27,0:14:16,856.717,0,0,AdLib,LogAdLibitum 20210929_120711.csv,Female,AN,Female,Sanitizing,,,,,,,State stop,7916,,Provisioning
9/29/2021,12:21:27,0:14:16,856.717,2.216,553.443,AdLib,LogAdLibitum 20210929_120711.csv,Female,GFN,Female,,,,,,,,State start,7916,,Provisioning
9/29/2021,12:24:53,0:17:42,1062.047,61.772,61.772,AdLib,LogAdLibitum 20210929_120711.csv,,,,,,,,,,,Notes,7916,Lots of alarm calls and someone in barn (magpie seen in stall door! 45:30,Provisioning
9/29/2021,12:30:41,0:23:30,1410.16,0,0,AdLib,LogAdLibitum 20210929_120711.csv,Female,GFN,Female,,,,,,,,State stop,7916,,Provisioning
9/29/2021,12:30:41,0:23:30,1410.16,6.099,368.395,AdLib,LogAdLibitum 20210929_120711.csv,Female,GFN,Female,,,,,,,,State start,7916,,Provisioning
9/29/2021,12:36:29,0:29:18,1758.166,0,0,AdLib,LogAdLibitum 20210929_120711.csv,Male,GFN,Male,,,,,,,,State stop,7916,,Provisioning
9/29/2021,12:36:29,0:29:18,1758.166,1.597,8.633,AdLib,LogAdLibitum 20210929_120711.csv,Male,AN,Male,Feeding,,,,,,,State start,7916,,Provisioning
9/29/2021,12:36:37,0:29:26,1766.798,0,0,AdLib,LogAdLibitum 20210929_120711.csv,Male,AN,Male,Feeding,,,,,,,State stop,7916,,Provisioning
9/29/2021,12:36:37,0:29:26,1766.798,4.615,11.757,AdLib,LogAdLibitum 20210929_120711.csv,Male,AN,Male,Sanitizing,,,,,,,State start,7916,,Provisioning
9/29/2021,12:36:49,0:29:38,1778.555,0,0,AdLib,LogAdLibitum 20210929_120711.csv,Male,AN,Male,Sanitizing,,,,,,,State stop,7916,,Provisioning
9/29/2021,12:36:49,0:29:38,1778.555,NA,658.021,AdLib,LogAdLibitum 20210929_120711.csv,Male,GFN,Male,,,,,,,,State start,7916,,Provisioning
9/29/2021,12:36:49,0:29:38,1778.555,0,0,AdLib,LogAdLibitum 20210929_120711.csv,Female,GFN,Female,,,,,,,,State stop,7916,,Provisioning
9/29/2021,12:36:49,0:29:38,1778.555,1.75,10.592,AdLib,LogAdLibitum 20210929_120711.csv,Female,AN,Female,Feeding,,,,,,,State start,7916,,Provisioning
9/29/2021,12:37:00,0:29:49,1789.147,0,0,AdLib,LogAdLibitum 20210929_120711.csv,Female,AN,Female,Feeding,,,,,,,State stop,7916,,Provisioning
9/29/2021,12:37:00,0:29:49,1789.147,6.557,7.8,AdLib,LogAdLibitum 20210929_120711.csv,Female,AN,Female,Perching,,,,,,,State start,7916,,Provisioning
9/29/2021,12:37:08,0:29:56,1796.946,0,0,AdLib,LogAdLibitum 20210929_120711.csv,Female,AN,Female,Perching,,,,,,,State stop,7916,,Provisioning
9/29/2021,12:37:08,0:29:56,1796.946,1.848,39.499,AdLib,LogAdLibitum 20210929_120711.csv,Female,AN,Female,Brooding,,,,,,,State start,7916,,Provisioning
9/29/2021,12:37:10,0:29:59,1799.521,5.368,5.368,AdLib,LogAdLibitum 20210929_120711.csv,,,,,,,,,,,Notes,7916,Unknown was Male,Provisioning
9/29/2021,12:37:47,0:30:36,1836.445,0,0,AdLib,LogAdLibitum 20210929_120711.csv,Female,AN,Female,Brooding,,,,,,,State stop,7916,,Provisioning
9/29/2021,12:37:47,0:30:36,1836.445,2.263,26.423,AdLib,LogAdLibitum 20210929_120711.csv,Female,AN,Female,Sanitizing,,,,,,,State start,7916,,Provisioning
9/29/2021,12:38:14,0:31:02,1862.868,0,0,AdLib,LogAdLibitum 20210929_120711.csv,Female,AN,Female,Sanitizing,,,,,,,State stop,7916,,Provisioning
9/29/2021,12:38:14,0:31:02,1862.868,2.781,160.023,AdLib,LogAdLibitum 20210929_120711.csv,Female,AN,Female,Brooding,,,,,,,State start,7916,,Provisioning
9/29/2021,12:40:54,0:33:42,2022.891,0,0,AdLib,LogAdLibitum 20210929_120711.csv,Female,AN,Female,Brooding,,,,,,,State stop,7916,,Provisioning
9/29/2021,12:40:54,0:33:42,2022.891,1.424,10.384,AdLib,LogAdLibitum 20210929_120711.csv,Female,AN,Female,Sanitizing,,,,,,,State start,7916,,Provisioning
9/29/2021,12:41:04,0:33:53,2033.275,0,0,AdLib,LogAdLibitum 20210929_120711.csv,Female,AN,Female,Sanitizing,,,,,,,State stop,7916,,Provisioning
9/29/2021,12:41:04,0:33:53,2033.275,1.857,190.579,AdLib,LogAdLibitum 20210929_120711.csv,Female,AN,Female,Brooding,,,,,,,State start,7916,,Provisioning
9/29/2021,12:44:15,0:37:03,2223.854,0,0,AdLib,LogAdLibitum 20210929_120711.csv,Female,AN,Female,Brooding,,,,,,,State stop,7916,,Provisioning
9/29/2021,12:44:15,0:37:03,2223.854,2.392,8.415,AdLib,LogAdLibitum 20210929_120711.csv,Female,AN,Female,Sanitizing,,,,,,,State start,7916,,Provisioning
9/29/2021,12:44:23,0:37:12,2232.269,0,0,AdLib,LogAdLibitum 20210929_120711.csv,Female,AN,Female,Sanitizing,,,,,,,State stop,7916,,Provisioning
9/29/2021,12:44:23,0:37:12,2232.269,1.342,202.865,AdLib,LogAdLibitum 20210929_120711.csv,Female,AN,Female,Brooding,,,,,,,State start,7916,,Provisioning
9/29/2021,12:47:46,0:40:35,2435.134,0,0,AdLib,LogAdLibitum 20210929_120711.csv,Female,AN,Female,Brooding,,,,,,,State stop,7916,,Provisioning
9/29/2021,12:47:46,0:40:35,2435.134,0.874,211.328,AdLib,LogAdLibitum 20210929_120711.csv,Female,GFN,Female,,,,,,,,State start,7916,,Provisioning
9/29/2021,12:47:47,0:40:36,2436.576,0,0,AdLib,LogAdLibitum 20210929_120711.csv,Male,GFN,Male,,,,,,,,State stop,7916,,Provisioning
9/29/2021,12:47:47,0:40:36,2436.576,1.616,13.54,AdLib,LogAdLibitum 20210929_120711.csv,Male,AN,Male,Feeding,,,,,,,State start,7916,,Provisioning
9/29/2021,12:48:01,0:40:50,2450.117,0,0,AdLib,LogAdLibitum 20210929_120711.csv,Male,AN,Male,Feeding,,,,,,,State stop,7916,,Provisioning
9/29/2021,12:48:01,0:40:50,2450.117,1.25,44.281,AdLib,LogAdLibitum 20210929_120711.csv,Male,AN,Male,Perching,,,,,,,State start,7916,,Provisioning
9/29/2021,12:48:45,0:41:34,2494.398,0,0,AdLib,LogAdLibitum 20210929_120711.csv,Male,AN,Male,Perching,,,,,,,State stop,7916,,Provisioning
9/29/2021,12:48:45,0:41:34,2494.398,2.625,149.611,AdLib,LogAdLibitum 20210929_120711.csv,Male,AN,Male,Brooding,,,,,,,State start,7916,,Provisioning
9/29/2021,12:51:15,0:44:04,2644.009,0,0,AdLib,LogAdLibitum 20210929_120711.csv,Male,AN,Male,Brooding,,,,,,,State stop,7916,,Provisioning
9/29/2021,12:51:15,0:44:04,2644.009,1.693,144.698,AdLib,LogAdLibitum 20210929_120711.csv,Male,GFN,Male,,,,,,,,State start,7916,,Provisioning
9/29/2021,12:51:17,0:44:06,2646.462,0,0,AdLib,LogAdLibitum 20210929_120711.csv,Female,GFN,Female,,,,,,,,State stop,7916,,Provisioning
9/29/2021,12:51:17,0:44:06,2646.462,1.86,6.715,AdLib,LogAdLibitum 20210929_120711.csv,Female,AN,Female,Feeding,,,,,,,State start,7916,,Provisioning
9/29/2021,12:51:24,0:44:13,2653.177,0,0,AdLib,LogAdLibitum 20210929_120711.csv,Female,AN,Female,Feeding,,,,,,,State stop,7916,,Provisioning
9/29/2021,12:51:24,0:44:13,2653.177,3.768,20.799,AdLib,LogAdLibitum 20210929_120711.csv,Female,AN,Female,Brooding,,,,,,,State start,7916,,Provisioning
9/29/2021,12:51:45,0:44:33,2673.976,0,0,AdLib,LogAdLibitum 20210929_120711.csv,Female,AN,Female,Brooding,,,,,,,State stop,7916,,Provisioning
9/29/2021,12:51:45,0:44:33,2673.976,1.932,9.46,AdLib,LogAdLibitum 20210929_120711.csv,Female,AN,Female,Sanitizing,,,,,,,State start,7916,,Provisioning
9/29/2021,12:51:54,0:44:43,2683.436,0,0,AdLib,LogAdLibitum 20210929_120711.csv,Female,AN,Female,Sanitizing,,,,,,,State stop,7916,,Provisioning
9/29/2021,12:51:54,0:44:43,2683.436,1.49,6.25,AdLib,LogAdLibitum 20210929_120711.csv,Female,AN,Female,Brooding,,,,,,,State start,7916,,Provisioning
9/29/2021,12:52:00,0:44:49,2689.686,0,0,AdLib,LogAdLibitum 20210929_120711.csv,Female,AN,Female,Brooding,,,,,,,State stop,7916,,Provisioning
9/29/2021,12:52:00,0:44:49,2689.686,3.983,13.875,AdLib,LogAdLibitum 20210929_120711.csv,Female,AN,Female,Sanitizing,,,,,,,State start,7916,,Provisioning
9/29/2021,12:52:14,0:45:03,2703.561,0,0,AdLib,LogAdLibitum 20210929_120711.csv,Female,AN,Female,Sanitizing,,,,,,,State stop,7916,,Provisioning
9/29/2021,12:52:14,0:45:03,2703.561,1.974,82.946,AdLib,LogAdLibitum 20210929_120711.csv,Female,AN,Female,Brooding,,,,,,,State start,7916,,Provisioning
9/29/2021,12:53:37,0:46:26,2786.508,0,0,AdLib,LogAdLibitum 20210929_120711.csv,Female,AN,Female,Brooding,,,,,,,State stop,7916,,Provisioning
9/29/2021,12:53:37,0:46:26,2786.508,1.265,397.057,AdLib,LogAdLibitum 20210929_120711.csv,Female,GFN,Female,,,,,,,,State start,7916,,Provisioning
9/29/2021,12:53:39,0:46:28,2788.707,0,0,AdLib,LogAdLibitum 20210929_120711.csv,Male,GFN,Male,,,,,,,,State stop,7916,,Provisioning
9/29/2021,12:53:39,0:46:28,2788.707,2.716,8.6,AdLib,LogAdLibitum 20210929_120711.csv,Male,AN,Male,Feeding,,,,,,,State start,7916,,Provisioning
9/29/2021,12:53:48,0:46:37,2797.307,0,0,AdLib,LogAdLibitum 20210929_120711.csv,Male,AN,Male,Feeding,,,,,,,State stop,7916,,Provisioning
9/29/2021,12:53:48,0:46:37,2797.307,2.59,33.057,AdLib,LogAdLibitum 20210929_120711.csv,Male,AN,Male,Perching,,,,,,,State start,7916,,Provisioning
9/29/2021,12:54:21,0:47:10,2830.364,0,0,AdLib,LogAdLibitum 20210929_120711.csv,Male,AN,Male,Perching,,,,,,,State stop,7916,,Provisioning
9/29/2021,12:54:21,0:47:10,2830.364,1.822,351.442,AdLib,LogAdLibitum 20210929_120711.csv,Male,AN,Male,Brooding,,,,,,,State start,7916,,Provisioning
9/29/2021,13:00:12,0:53:01,3181.806,0,0,AdLib,LogAdLibitum 20210929_120711.csv,Male,AN,Male,Brooding,,,,,,,State stop,7916,,Provisioning
9/29/2021,13:00:12,0:53:01,3181.806,0.931,366.608,AdLib,LogAdLibitum 20210929_120711.csv,Male,GFN,Male,,,,,,,,State start,7916,,Provisioning
9/29/2021,13:00:14,0:53:03,3183.564,0,0,AdLib,LogAdLibitum 20210929_120711.csv,Female,GFN,Female,,,,,,,,State stop,7916,,Provisioning
9/29/2021,13:00:14,0:53:03,3183.564,3.424,8.016,AdLib,LogAdLibitum 20210929_120711.csv,Female,AN,Female,Feeding,,,,,,,State start,7916,,Provisioning
9/29/2021,13:00:22,0:53:11,3191.581,0,0,AdLib,LogAdLibitum 20210929_120711.csv,Female,AN,Female,Feeding,,,,,,,State stop,7916,,Provisioning
9/29/2021,13:00:22,0:53:11,3191.581,1.231,7.375,AdLib,LogAdLibitum 20210929_120711.csv,Female,AN,Female,Perching,,,,,,,State start,7916,,Provisioning
9/29/2021,13:00:30,0:53:18,3198.956,0,0,AdLib,LogAdLibitum 20210929_120711.csv,Female,AN,Female,Perching,,,,,,,State stop,7916,,Provisioning
9/29/2021,13:00:30,0:53:18,3198.956,1.773,33.555,AdLib,LogAdLibitum 20210929_120711.csv,Female,AN,Female,Brooding,,,,,,,State start,7916,,Provisioning
9/29/2021,13:01:03,0:53:52,3232.511,0,0,AdLib,LogAdLibitum 20210929_120711.csv,Female,AN,Female,Brooding,,,,,,,State stop,7916,,Provisioning
9/29/2021,13:01:03,0:53:52,3232.511,1.55,35.649,AdLib,LogAdLibitum 20210929_120711.csv,Female,AN,Female,Sanitizing,,,,,,,State start,7916,,Provisioning
9/29/2021,13:01:39,0:54:28,3268.16,0,0,AdLib,LogAdLibitum 20210929_120711.csv,Female,AN,Female,Sanitizing,,,,,,,State stop,7916,,Provisioning
9/29/2021,13:01:39,0:54:28,3268.16,2.407,69.072,AdLib,LogAdLibitum 20210929_120711.csv,Female,AN,Female,Brooding,,,,,,,State start,7916,,Provisioning
9/29/2021,13:02:48,0:55:37,3337.232,0,0,AdLib,LogAdLibitum 20210929_120711.csv,Female,AN,Female,Brooding,,,,,,,State stop,7916,,Provisioning
9/29/2021,13:02:48,0:55:37,3337.232,1.09,90.354,AdLib,LogAdLibitum 20210929_120711.csv,Female,AN,Female,Sanitizing,,,,,,,State start,7916,,Provisioning
9/29/2021,13:04:18,0:57:07,3427.586,0,0,AdLib,LogAdLibitum 20210929_120711.csv,Female,AN,Female,Sanitizing,,,,,,,State stop,7916,,Provisioning
9/29/2021,13:04:18,0:57:07,3427.586,1.481,46.947,AdLib,LogAdLibitum 20210929_120711.csv,Female,AN,Female,Brooding,,,,,,,State start,7916,,Provisioning
9/29/2021,13:05:05,0:57:54,3474.533,0,0,AdLib,LogAdLibitum 20210929_120711.csv,Female,AN,Female,Brooding,,,,,,,State stop,7916,,Provisioning
9/29/2021,13:05:05,0:57:54,3474.533,2.016,62.573,AdLib,LogAdLibitum 20210929_120711.csv,Female,AN,Female,Sanitizing,,,,,,,State start,7916,,Provisioning
9/29/2021,13:06:08,0:58:57,3537.106,0,0,AdLib,LogAdLibitum 20210929_120711.csv,Female,AN,Female,Sanitizing,,,,,,,State stop,7916,,Provisioning
9/29/2021,13:06:08,0:58:57,3537.106,1.339,7.683,AdLib,LogAdLibitum 20210929_120711.csv,Female,AN,Female,Preening,,,,,,,State start,7916,,Provisioning
9/29/2021,13:06:15,0:59:04,3544.79,0,0,AdLib,LogAdLibitum 20210929_120711.csv,Female,AN,Female,Preening,,,,,,,State stop,7916,,Provisioning
9/29/2021,13:06:15,0:59:04,3544.79,2.189,3.625,AdLib,LogAdLibitum 20210929_120711.csv,Female,AN,Female,Brooding,,,,,,,State start,7916,,Provisioning
9/29/2021,13:06:19,0:59:08,3548.414,0,0,AdLib,LogAdLibitum 20210929_120711.csv,Unknown,GFN,Unknown,,,,,,,,State stop,7916,,Provisioning
9/29/2021,13:06:19,0:59:08,3548.414,0,0,AdLib,LogAdLibitum 20210929_120711.csv,Male,GFN,Male,,,,,,,,State stop,7916,,Provisioning
9/29/2021,13:06:19,0:59:08,3548.414,0,0,AdLib,LogAdLibitum 20210929_120711.csv,Female,AN,Female,Brooding,,,,,,,State stop,7916,,Provisioning
